6 384
6 416
6 385
6 417
6 386
6 387
6 400
6 401
6 402
6 403
6 388
6 389
6 390
6 391
6 404
6 418
6 419
6 432
6 433
6 434
6 435
6 420
6 421
6 422
6 405
6 423
6 406
6 436
6 407
6 392
6 437
6 393
6 438
6 394
6 439
6 395
6 424
6 408
6 425
6 409
6 426
6 410
6 427
6 411
6 440
6 396
6 441
6 442
6 443
6 428
6 397
6 429
6 398
6 430
6 399
6 431
6 412
6 444
6 413
6 445
6 414
6 446
6 415
6 447
6 480
6 481
6 448
6 449
6 482
6 483
6 450
6 451
6 464
6 465
6 466
6 467
6 452
6 453
6 496
6 497
6 498
6 499
6 484
6 485
6 486
6 487
6 488
6 454
6 455
6 468
6 489
6 490
6 491
6 492
6 469
6 493
6 494
6 495
6 470
6 471
6 456
6 457
6 458
6 459
6 472
6 473
6 474
6 475
6 460
6 461
6 462
6 463
6 476
6 477
6 478
6 479
6 256
6 257
6 258
6 259
6 272
6 273
6 288
6 289
6 290
6 291
6 304
6 305
6 306
6 307
6 292
6 293
6 294
6 295
6 308
6 274
6 275
6 260
6 261
6 262
6 263
6 309
6 276
6 310
6 277
6 278
6 279
6 264
6 311
6 265
6 296
6 266
6 267
6 280
6 297
6 281
6 298
6 282
6 299
6 283
6 312
6 268
6 313
6 269
6 314
6 315
6 300
6 270
6 271
6 301
6 284
6 302
6 303
6 316
6 285
6 317
6 318
6 319
6 286
6 287
6 192
6 193
6 194
6 195
6 208
6 209
6 210
6 211
6 196
6 197
6 198
6 199
6 212
6 224
6 225
6 226
6 227
6 240
6 241
6 242
6 243
6 228
6 229
6 213
6 230
6 214
6 231
6 215
6 200
6 244
6 201
6 202
6 203
6 216
6 245
6 246
6 247
6 232
6 217
6 218
6 219
6 204
6 233
6 234
6 235
6 205
6 248
6 206
6 207
6 220
6 249
6 250
6 251
6 236
6 221
6 222
6 223
6 237
6 238
6 239
6 252
6 253
6 254
6 255
6 0
6 1
6 2
6 3
6 16
6 17
6 18
6 19
6 4
6 5
6 6
6 7
6 32
6 33
6 34
6 35
6 48
6 49
6 50
6 51
6 36
6 37
6 38
6 39
6 20
6 52
6 21
6 22
6 23
6 8
6 53
6 54
6 55
6 40
6 9
6 10
6 11
6 24
6 41
6 42
6 43
6 56
6 25
6 26
6 27
6 12
6 57
6 58
6 59
6 44
6 13
6 14
6 15
6 28
6 45
6 29
6 46
6 30
6 47
6 31
6 60
6 61
6 62
6 63
6 320
6 321
6 352
6 353
6 322
6 323
6 336
6 337
6 338
6 339
6 324
6 325
6 326
6 327
6 354
6 355
6 368
6 369
6 370
6 371
6 356
6 340
6 357
6 341
6 342
6 343
6 328
6 358
6 359
6 372
6 329
6 330
6 331
6 344
6 373
6 374
6 375
6 360
6 345
6 346
6 347
6 332
6 361
6 362
6 363
6 376
6 333
6 334
6 335
6 348
6 377
6 378
6 379
6 364
6 349
6 350
6 351
6 365
6 366
6 367
6 380
6 381
6 382
6 383
6 96
6 97
6 98
6 99
6 112
6 113
6 114
6 115
6 100
6 101
6 102
6 103
6 116
6 64
6 65
6 117
6 118
6 119
6 104
6 66
6 67
6 80
6 81
6 82
6 83
6 68
6 69
6 70
6 71
6 84
6 105
6 106
6 107
6 120
6 85
6 86
6 87
6 72
6 121
6 122
6 123
6 108
6 73
6 74
6 75
6 88
6 109
6 110
6 111
6 124
6 89
6 90
6 91
6 76
6 125
6 126
6 127
6 77
6 78
6 79
6 92
6 93
6 94
6 95
6 128
6 129
6 130
6 131
6 160
6 161
6 162
6 163
6 176
6 177
6 178
6 179
6 164
6 165
6 166
6 167
6 180
6 144
6 145
6 146
6 147
6 132
6 133
6 134
6 135
6 148
6 181
6 182
6 183
6 168
6 149
6 150
6 151
6 136
6 169
6 170
6 137
6 138
6 139
6 152
6 171
6 184
6 153
6 154
6 155
6 140
6 185
6 186
6 187
6 141
6 142
6 143
6 156
6 172
6 157
6 158
6 159
6 173
6 174
6 175
6 188
6 189
6 190
6 191
8 448
8 449
8 450
8 451
8 464
8 465
8 466
8 467
8 452
8 453
8 454
8 455
8 480
8 481
8 482
8 483
8 496
8 497
8 498
8 499
8 484
8 485
8 486
8 468
8 487
8 469
8 470
8 488
8 471
8 456
8 489
8 490
8 491
8 492
8 457
8 458
8 459
8 472
8 493
8 473
8 494
8 474
8 495
8 475
8 460
8 461
8 462
8 463
8 476
8 477
8 478
8 479
8 128
8 160
8 161
8 162
8 163
8 129
8 130
8 131
8 144
8 145
8 146
8 176
8 147
8 177
8 132
8 178
8 179
8 164
8 165
8 166
8 167
8 180
8 133
8 134
8 135
8 181
8 182
8 183
8 168
8 148
8 169
8 170
8 171
8 184
8 149
8 150
8 151
8 136
8 185
8 137
8 186
8 138
8 187
8 139
8 172
8 152
8 173
8 153
8 174
8 154
8 175
8 155
8 140
8 188
8 141
8 142
8 143
8 156
8 189
8 190
8 191
8 157
8 158
8 159
8 64
8 65
8 66
8 67
8 80
8 81
8 82
8 83
8 68
8 69
8 70
8 71
8 96
8 97
8 98
8 99
8 112
8 113
8 114
8 115
8 100
8 101
8 102
8 103
8 116
8 84
8 117
8 118
8 119
8 104
8 85
8 86
8 87
8 72
8 105
8 106
8 107
8 120
8 73
8 74
8 75
8 88
8 121
8 122
8 123
8 108
8 89
8 90
8 91
8 109
8 76
8 110
8 77
8 111
8 124
8 78
8 79
8 92
8 125
8 93
8 94
8 126
8 127
8 95
8 192
8 193
8 194
8 195
8 208
8 209
8 210
8 211
8 196
8 197
8 198
8 224
8 225
8 226
8 227
8 240
8 241
8 242
8 243
8 228
8 229
8 230
8 199
8 231
8 212
8 244
8 213
8 214
8 215
8 200
8 245
8 246
8 247
8 232
8 201
8 202
8 203
8 233
8 234
8 235
8 248
8 216
8 249
8 250
8 251
8 236
8 217
8 218
8 219
8 204
8 237
8 238
8 239
8 252
8 205
8 253
8 206
8 254
8 255
8 207
8 220
8 221
8 222
8 223
8 320
8 321
8 322
8 323
8 336
8 337
8 338
8 339
8 324
8 325
8 326
8 327
8 340
8 352
8 353
8 354
8 355
8 368
8 369
8 370
8 371
8 356
8 357
8 358
8 359
8 372
8 341
8 342
8 343
8 328
8 373
8 329
8 374
8 375
8 360
8 330
8 331
8 344
8 361
8 345
8 362
8 363
8 376
8 346
8 347
8 332
8 377
8 378
8 379
8 364
8 333
8 334
8 335
8 348
8 365
8 366
8 367
8 380
8 349
8 350
8 351
8 381
8 382
8 383
8 0
8 1
8 2
8 3
8 16
8 17
8 18
8 32
8 33
8 34
8 35
8 48
8 49
8 50
8 51
8 36
8 37
8 38
8 19
8 39
8 4
8 52
8 5
8 53
8 54
8 55
8 40
8 6
8 7
8 20
8 41
8 42
8 43
8 56
8 21
8 22
8 23
8 8
8 57
8 58
8 59
8 44
8 9
8 10
8 11
8 24
8 45
8 46
8 47
8 60
8 25
8 26
8 27
8 12
8 61
8 62
8 63
8 13
8 14
8 15
8 28
8 29
8 30
8 31
8 384
8 385
8 386
8 387
8 400
8 401
8 402
8 403
8 388
8 389
8 390
8 391
8 404
8 416
8 417
8 418
8 419
8 432
8 433
8 434
8 435
8 420
8 421
8 422
8 423
8 436
8 405
8 406
8 407
8 437
8 438
8 439
8 424
8 392
8 425
8 426
8 427
8 440
8 393
8 394
8 395
8 408
8 441
8 442
8 443
8 428
8 409
8 410
8 411
8 396
8 429
8 430
8 431
8 444
8 397
8 398
8 399
8 412
8 445
8 446
8 447
8 413
8 414
8 415
8 256
8 257
8 258
8 259
8 272
8 273
8 274
8 275
8 260
8 261
8 288
8 289
8 290
8 291
8 304
8 305
8 306
8 307
8 292
8 293
8 294
8 295
8 308
8 262
8 263
8 276
8 309
8 310
8 311
8 296
8 277
8 278
8 279
8 264
8 297
8 298
8 299
8 312
8 265
8 266
8 267
8 280
8 313
8 314
8 315
8 300
8 281
8 282
8 283
8 268
8 301
8 302
8 303
8 316
8 269
8 270
8 271
8 284
8 317
8 318
8 319
8 285
8 286
8 287
